# Year CO2
 1958.0000  310.2484
 1958.0805  311.4333
 1958.1611  312.9644
 1958.2416  313.9026
 1958.3221  312.7737
 1958.4027  311.8475
 1958.4832  311.3964
 1958.5638  309.5536
 1958.6443  307.7916
 1958.7248  307.7462
 1958.8054  307.4345
 1958.8859  308.3315
 1958.9664  310.0777
 1959.0470  310.5498
 1959.1275  311.9750
 1959.2081  313.3474
 1959.2886  313.1873
 1959.3691  313.1861
 1959.4497  311.3594
 1959.5302  309.6578
 1959.6107  309.7893
 1959.6913  308.1181
 1959.7718  308.1407
 1959.8523  308.0154
 1959.9329  309.6783
 1960.0134  311.5365
 1960.0940  312.3728
 1960.1745  314.1849
 1960.2550  314.0766
 1960.3356  313.8595
 1960.4161  312.6871
 1960.4966  312.5185
 1960.5772  310.1743
 1960.6577  308.5914
 1960.7383  309.0999
 1960.8188  308.3965
 1960.8993  310.1125
 1960.9799  310.4740
 1961.0604  312.3304
 1961.1409  314.3551
 1961.2215  315.3060
 1961.3020  314.9626
 1961.3826  314.0472
 1961.4631  312.6768
 1961.5436  310.6377
 1961.6242  309.7701
 1961.7047  309.1818
 1961.7852  309.9446
 1961.8658  310.3253
 1961.9463  310.5712
 1962.0268  313.1629
 1962.1074  314.2302
 1962.1879  315.0366
 1962.2685  315.9379
 1962.3490  315.6576
 1962.4295  314.5068
 1962.5101  312.1985
 1962.5906  311.0880
 1962.6711  310.4382
 1962.7517  310.4518
 1962.8322  310.1679
 1962.9128  311.4120
 1962.9933  312.4410
 1963.0738  313.9171
 1963.1544  316.1062
 1963.2349  316.9426
 1963.3154  316.0445
 1963.3960  315.7091
 1963.4765  314.0579
 1963.5570  312.1136
 1963.6376  311.4399
 1963.7181  311.4234
 1963.7987  310.7685
 1963.8792  312.4180
 1963.9597  311.6926
 1964.0403  314.9685
 1964.1208  315.9680
 1964.2013  316.6245
 1964.2819  316.9523
 1964.3624  315.3083
 1964.4430  315.0159
 1964.5235  313.8643
 1964.6040  313.0952
 1964.6846  311.2250
 1964.7651  310.8971
 1964.8456  311.6164
 1964.9262  313.5111
 1965.0067  314.7403
 1965.0872  315.8021
 1965.1678  317.4227
 1965.2483  317.6601
 1965.3289  317.7894
 1965.4094  315.9862
 1965.4899  314.8003
 1965.5705  313.3474
 1965.6510  311.7134
 1965.7315  312.1060
 1965.8121  312.3483
 1965.8926  313.1756
 1965.9732  314.4808
 1966.0537  315.4418
 1966.1342  317.2417
 1966.2148  318.0217
 1966.2953  317.7994
 1966.3758  317.4057
 1966.4564  316.4454
 1966.5369  315.7401
 1966.6174  313.6107
 1966.6980  312.8846
 1966.7785  312.6633
 1966.8591  312.4257
 1966.9396  314.6387
 1967.0201  316.2275
 1967.1007  318.8797
 1967.1812  318.5581
 1967.2617  319.1286
 1967.3423  318.5341
 1967.4228  316.9118
 1967.5034  316.6617
 1967.5839  315.0764
 1967.6644  314.0844
 1967.7450  312.8686
 1967.8255  314.4107
 1967.9060  314.0634
 1967.9866  316.5313
 1968.0671  318.8701
 1968.1477  318.5090
 1968.2282  319.3487
 1968.3087  319.5645
 1968.3893  318.4445
 1968.4698  316.6205
 1968.5503  315.9880
 1968.6309  314.2143
 1968.7114  314.3251
 1968.7919  313.7014
 1968.8725  315.7349
 1968.9530  315.9073
 1969.0336  317.6957
 1969.1141  319.6639
 1969.1946  319.5482
 1969.2752  320.4770
 1969.3557  320.4741
 1969.4362  317.8819
 1969.5168  317.3499
 1969.5973  316.0387
 1969.6779  315.3825
 1969.7584  314.1320
 1969.8389  314.6002
 1969.9195  316.6689
 1970.0000  318.0685
